100	0.000003
300	0.000001
500	0.000000
700	0.000001
900	0.000003
1100	0.000004
1300	0.000001
1500	0.000001
1700	0.000002
1900	0.000002
2100	0.000001
2300	0.000003
2500	0.000002
2700	0.000003
2900	0.000002
3100	0.000002
3300	0.000002
3500	0.000002
3700	0.000002
3900	0.000003
4100	0.000003
4300	0.000002
4500	0.000003
4700	0.000003
4900	0.000002
5100	0.000002
5300	0.000002
5500	0.000004
5700	0.000003
5900	0.000003
6100	0.000002
6300	0.000003
6500	0.000002
6700	0.000002
6900	0.000002
7100	0.000004
7300	0.000001
7500	0.000003
7700	0.000002
7900	0.000004
8100	0.000004
8300	0.000002
8500	0.000002
8700	0.000003
8900	0.000001
9100	0.000002
9300	0.000002
9500	0.000003
9700	0.000002
9900	0.000003
10100	0.000002
10300	0.000002
10500	0.000002
10700	0.000003
10900	0.000002
11100	0.000002
11300	0.000002
11500	0.000002
11700	0.000004
11900	0.000002
12100	0.000001
12300	0.000002
12500	0.000003
12700	0.000002
12900	0.000003
13100	0.000003
13300	0.000002
13500	0.000002
13700	0.000002
13900	0.000002
14100	0.000003
14300	0.000002
14500	0.000002
14700	0.000002
14900	0.000002
15100	0.000003
15300	0.000003
15500	0.000002
15700	0.000003
15900	0.000002
16100	0.000003
16300	0.000002
16500	0.000002
16700	0.000002
16900	0.000002
17100	0.000003
17300	0.000005
17500	0.000002
17700	0.000002
17900	0.000002
18100	0.000002
18300	0.000002
18500	0.000002
18700	0.000003
18900	0.000002
19100	0.000002
19300	0.000002
19500	0.000002
19700	0.000004
19900	0.000001
20100	0.000003
20300	0.000003
20500	0.000003
20700	0.000002
20900	0.000004
21100	0.000003
21300	0.000002
21500	0.000003
21700	0.000004
21900	0.000002
22100	0.000003
22300	0.000002
22500	0.000002
22700	0.000002
22900	0.000002
23100	0.000003
23300	0.000003
23500	0.000002
23700	0.000003
23900	0.000003
24100	0.000009
24300	0.000002
24500	0.000003
24700	0.000002
24900	0.000002
25100	0.000003
25300	0.000003
25500	0.000002
25700	0.000004
25900	0.000003
26100	0.000003
26300	0.000001
26500	0.000002
26700	0.000002
26900	0.000003
27100	0.000002
27300	0.000002
27500	0.000003
27700	0.000002
27900	0.000002
28100	0.000002
28300	0.000002
28500	0.000003
28700	0.000003
28900	0.000005
29100	0.000002
29300	0.000005
29500	0.000002
29700	0.000002
29900	0.000002
30100	0.000003
30300	0.000004
30500	0.000003
30700	0.000004
30900	0.000002
31100	0.000003
31300	0.000001
31500	0.000002
31700	0.000002
31900	0.000002
32100	0.000009
32300	0.000003
32500	0.000002
32700	0.000003
32900	0.000002
33100	0.000002
33300	0.000002
33500	0.000002
33700	0.000002
33900	0.000002
34100	0.000002
34300	0.000003
34500	0.000003
34700	0.000002
34900	0.000002
35100	0.000002
35300	0.000002
35500	0.000003
35700	0.000005
35900	0.000003
36100	0.000002
36300	0.000002
36500	0.000004
36700	0.000001
36900	0.000002
37100	0.000002
37300	0.000002
37500	0.000003
37700	0.000002
37900	0.000001
38100	0.000001
38300	0.000002
38500	0.000002
38700	0.000002
38900	0.000002
39100	0.000003
39300	0.000001
39500	0.000002
39700	0.000001
39900	0.000003
40100	0.000002
40300	0.000002
40500	0.000003
40700	0.000002
40900	0.000002
41100	0.000002
41300	0.000003
41500	0.000002
41700	0.000003
41900	0.000003
42100	0.000003
42300	0.000002
42500	0.000003
42700	0.000002
42900	0.000002
43100	0.000003
43300	0.000003
43500	0.000003
43700	0.000002
43900	0.000003
44100	0.000002
44300	0.000003
44500	0.000002
44700	0.000002
44900	0.000002
45100	0.000003
45300	0.000002
45500	0.000004
45700	0.000003
45900	0.000002
46100	0.000006
46300	0.000004
46500	0.000001
46700	0.000005
46900	0.000002
47100	0.000003
47300	0.000002
47500	0.000002
47700	0.000002
47900	0.000003
48100	0.000002
48300	0.000002
48500	0.000002
48700	0.000002
48900	0.000003
49100	0.000002
49300	0.000003
49500	0.000002
49700	0.000002
49900	0.000002
50100	0.000003
50300	0.000004
50500	0.000003
50700	0.000002
50900	0.000003
51100	0.000002
51300	0.000002
51500	0.000003
51700	0.000002
51900	0.000004
52100	0.000003
52300	0.000003
52500	0.000003
52700	0.000002
52900	0.000002
53100	0.000003
53300	0.000002
53500	0.000004
53700	0.000002
53900	0.000004
54100	0.000002
54300	0.000002
54500	0.000002
54700	0.000004
54900	0.000003
55100	0.000003
55300	0.000002
55500	0.000002
55700	0.000002
55900	0.000002
56100	0.000005
56300	0.000003
56500	0.000003
56700	0.000004
56900	0.000003
57100	0.000007
57300	0.000002
57500	0.000003
57700	0.000002
57900	0.000002
58100	0.000002
58300	0.000003
58500	0.000003
58700	0.000003
58900	0.000003
59100	0.000003
59300	0.000004
59500	0.000002
59700	0.000004
59900	0.000003
60100	0.000002
60300	0.000002
60500	0.000002
60700	0.000002
60900	0.000002
61100	0.000002
61300	0.000002
61500	0.000002
61700	0.000002
61900	0.000003
62100	0.000003
62300	0.000003
62500	0.000003
62700	0.000003
62900	0.000003
63100	0.000005
63300	0.000003
63500	0.000002
63700	0.000003
63900	0.000002
64100	0.000004
64300	0.000002
64500	0.000002
64700	0.000004
64900	0.000003
65100	0.000003
65300	0.000005
65500	0.000003
65700	0.000003
65900	0.000002
66100	0.000005
66300	0.000004
66500	0.000002
66700	0.000003
66900	0.000003
67100	0.000002
67300	0.000002
67500	0.000003
67700	0.000002
67900	0.000002
68100	0.000003
68300	0.000004
68500	0.000004
68700	0.000002
68900	0.000003
69100	0.000002
69300	0.000002
69500	0.000003
69700	0.000002
69900	0.000003
70100	0.000002
70300	0.000003
70500	0.000002
70700	0.000003
70900	0.000002
71100	0.000002
71300	0.000003
71500	0.000001
71700	0.000002
71900	0.000003
72100	0.000002
72300	0.000003
72500	0.000003
72700	0.000006
72900	0.000002
73100	0.000002
73300	0.000003
73500	0.000003
73700	0.000002
73900	0.000004
74100	0.000002
74300	0.000004
74500	0.000002
74700	0.000002
74900	0.000002
75100	0.000002
75300	0.000004
75500	0.000003
75700	0.000004
75900	0.000002
76100	0.000002
76300	0.000002
76500	0.000004
76700	0.000003
76900	0.000002
77100	0.000003
77300	0.000002
77500	0.000002
77700	0.000002
77900	0.000002
78100	0.000002
78300	0.000002
78500	0.000003
78700	0.000002
78900	0.000003
79100	0.000002
79300	0.000003
79500	0.000003
79700	0.000002
79900	0.000002
80100	0.000004
80300	0.000002
80500	0.000002
80700	0.000002
80900	0.000002
81100	0.000002
81300	0.000004
81500	0.000005
81700	0.000003
81900	0.000003
82100	0.000004
82300	0.000003
82500	0.000004
82700	0.000003
82900	0.000002
83100	0.000003
83300	0.000002
83500	0.000002
83700	0.000003
83900	0.000004
84100	0.000002
84300	0.000003
84500	0.000003
84700	0.000002
84900	0.000003
85100	0.000001
85300	0.000003
85500	0.000002
85700	0.000002
85900	0.000002
86100	0.000001
86300	0.000002
86500	0.000001
86700	0.000002
86900	0.000002
87100	0.000003
87300	0.000002
87500	0.000002
87700	0.000001
87900	0.000002
88100	0.000002
88300	0.000003
88500	0.000002
88700	0.000002
88900	0.000003
89100	0.000002
89300	0.000004
89500	0.000002
89700	0.000003
89900	0.000002
90100	0.000003
90300	0.000003
90500	0.000006
90700	0.000003
90900	0.000002
91100	0.000003
91300	0.000002
91500	0.000002
91700	0.000002
91900	0.000002
92100	0.000001
92300	0.000003
92500	0.000002
92700	0.000002
92900	0.000003
93100	0.000003
93300	0.000002
93500	0.000002
93700	0.000003
93900	0.000002
94100	0.000002
94300	0.000004
94500	0.000002
94700	0.000002
94900	0.000002
95100	0.000003
95300	0.000002
95500	0.000003
95700	0.000003
95900	0.000003
96100	0.000003
96300	0.000003
96500	0.000003
96700	0.000003
96900	0.000003
97100	0.000002
97300	0.000001
97500	0.000002
97700	0.000002
97900	0.000002
98100	0.000003
98300	0.000002
98500	0.000003
98700	0.000003
98900	0.000003
99100	0.000001
99300	0.000002
99500	0.000002
99700	0.000004
99900	0.000002
