100	0.000020
300	0.000058
500	0.000076
700	0.000106
900	0.000209
1100	0.000133
1300	0.000145
1500	0.000168
1700	0.000320
1900	0.000289
2100	0.000258
2300	0.000530
2500	0.000386
2700	0.000332
2900	0.000359
3100	0.000461
3300	0.000757
3500	0.000429
3700	0.000676
3900	0.000932
4100	0.000918
4300	0.000804
4500	0.000978
4700	0.000813
4900	0.000855
5100	0.001035
5300	0.000657
5500	0.001299
5700	0.001079
5900	0.001518
6100	0.001166
6300	0.001351
6500	0.000806
6700	0.001298
6900	0.001047
7100	0.001342
7300	0.000826
7500	0.001387
7700	0.001610
7900	0.001893
8100	0.001467
8300	0.001405
8500	0.001848
8700	0.001464
8900	0.001167
9100	0.001034
9300	0.001052
9500	0.002054
9700	0.001098
9900	0.002024
10100	0.001255
10300	0.001175
10500	0.001437
10700	0.001427
10900	0.001500
11100	0.001268
11300	0.001410
11500	0.001532
11700	0.002749
11900	0.001377
12100	0.001450
12300	0.001407
12500	0.002648
12700	0.001450
12900	0.003393
13100	0.002018
13300	0.002221
13500	0.001706
13700	0.002498
13900	0.001589
14100	0.001634
14300	0.001644
14500	0.001703
14700	0.001721
14900	0.002717
15100	0.001857
15300	0.001978
15500	0.002447
15700	0.003374
15900	0.001906
16100	0.002362
16300	0.001904
16500	0.002253
16700	0.002226
16900	0.001928
17100	0.002047
17300	0.004504
17500	0.002027
17700	0.002054
17900	0.002049
18100	0.003140
18300	0.002091
18500	0.002374
18700	0.002433
18900	0.003131
19100	0.002814
19300	0.002379
19500	0.002601
19700	0.002807
19900	0.002333
20100	0.002828
20300	0.002972
20500	0.004296
20700	0.002401
20900	0.005047
21100	0.002780
21300	0.003502
21500	0.002575
21700	0.003538
21900	0.002547
22100	0.002867
22300	0.002789
22500	0.002978
22700	0.002842
22900	0.002877
23100	0.002668
23300	0.002902
23500	0.002742
23700	0.004053
23900	0.003804
24100	0.002767
24300	0.002794
24500	0.004055
24700	0.002929
24900	0.003467
25100	0.004240
25300	0.003075
25500	0.004696
25700	0.005088
25900	0.002945
26100	0.003708
26300	0.003055
26500	0.003154
26700	0.003349
26900	0.003684
27100	0.003076
27300	0.003587
27500	0.003644
27700	0.004008
27900	0.003237
28100	0.003207
28300	0.003556
28500	0.004033
28700	0.003339
28900	0.004180
29100	0.004979
29300	0.003676
29500	0.004156
29700	0.005217
29900	0.003440
30100	0.006078
30300	0.007037
30500	0.007190
30700	0.007472
30900	0.008148
31100	0.007346
31300	0.004197
31500	0.004909
31700	0.004394
31900	0.004178
32100	0.004193
32300	0.004349
32500	0.003913
32700	0.007276
32900	0.003949
33100	0.004692
33300	0.004670
33500	0.004329
33700	0.006218
33900	0.004686
34100	0.004100
34300	0.004427
34500	0.004726
34700	0.004078
34900	0.004950
35100	0.004816
35300	0.005986
35500	0.004710
35700	0.004831
35900	0.004241
36100	0.004795
36300	0.004457
36500	0.006584
36700	0.005181
36900	0.004238
37100	0.004969
37300	0.004761
37500	0.005247
37700	0.004751
37900	0.005318
38100	0.004961
38300	0.004817
38500	0.005989
38700	0.007280
38900	0.005056
39100	0.005988
39300	0.006873
39500	0.005815
39700	0.006828
39900	0.006214
40100	0.005188
40300	0.005676
40500	0.005796
40700	0.005445
40900	0.005939
41100	0.006406
41300	0.006948
41500	0.004694
41700	0.007959
41900	0.006532
42100	0.010449
42300	0.005411
42500	0.006243
42700	0.006615
42900	0.005345
43100	0.010211
43300	0.008595
43500	0.005090
43700	0.005752
43900	0.007211
44100	0.007130
44300	0.005239
44500	0.007851
44700	0.006839
44900	0.005350
45100	0.007138
45300	0.005436
45500	0.011205
45700	0.011333
45900	0.008068
46100	0.008596
46300	0.008893
46500	0.007377
46700	0.006657
46900	0.006982
47100	0.006198
47300	0.007333
47500	0.005446
47700	0.006097
47900	0.008695
48100	0.005694
48300	0.006003
48500	0.005954
48700	0.006085
48900	0.007348
49100	0.007101
49300	0.006804
49500	0.006588
49700	0.006574
49900	0.008939
50100	0.008766
50300	0.009848
50500	0.006365
50700	0.005728
50900	0.006001
51100	0.007098
51300	0.006028
51500	0.006822
51700	0.006945
51900	0.006976
52100	0.008361
52300	0.007834
52500	0.006768
52700	0.006827
52900	0.006731
53100	0.011285
53300	0.007709
53500	0.008275
53700	0.007900
53900	0.011645
54100	0.006866
54300	0.008052
54500	0.006208
54700	0.008455
54900	0.012045
55100	0.008614
55300	0.006925
55500	0.006438
55700	0.006637
55900	0.008998
56100	0.006772
56300	0.009302
56500	0.007524
56700	0.011665
56900	0.006797
57100	0.008619
57300	0.008238
57500	0.011813
57700	0.007310
57900	0.007960
58100	0.006856
58300	0.007820
58500	0.008240
58700	0.007702
58900	0.012472
59100	0.007474
59300	0.012080
59500	0.007336
59700	0.008216
59900	0.010840
60100	0.012844
60300	0.007769
60500	0.007690
60700	0.009943
60900	0.007603
61100	0.008443
61300	0.008649
61500	0.007335
61700	0.009365
61900	0.007519
62100	0.008091
62300	0.010585
62500	0.008910
62700	0.008549
62900	0.009366
63100	0.011041
63300	0.007303
63500	0.008685
63700	0.012170
63900	0.008496
64100	0.014222
64300	0.009048
64500	0.007357
64700	0.008191
64900	0.008702
65100	0.008885
65300	0.016003
65500	0.008512
65700	0.008033
65900	0.007969
66100	0.010405
66300	0.013880
66500	0.011038
66700	0.009612
66900	0.011782
67100	0.011451
67300	0.010468
67500	0.009487
67700	0.008877
67900	0.009457
68100	0.009675
68300	0.009122
68500	0.010632
68700	0.010602
68900	0.008826
69100	0.009232
69300	0.008255
69500	0.013587
69700	0.008652
69900	0.009357
70100	0.009112
70300	0.013964
70500	0.011214
70700	0.009984
70900	0.008103
71100	0.010159
71300	0.009744
71500	0.009798
71700	0.011166
71900	0.008457
72100	0.009142
72300	0.009101
72500	0.008394
72700	0.014435
72900	0.009577
73100	0.009670
73300	0.010675
73500	0.013513
73700	0.009772
73900	0.008582
74100	0.008435
74300	0.011113
74500	0.011556
74700	0.009688
74900	0.014796
75100	0.014004
75300	0.009201
75500	0.012058
75700	0.012732
75900	0.009881
76100	0.009771
76300	0.009250
76500	0.010460
76700	0.009973
76900	0.010079
77100	0.012532
77300	0.010812
77500	0.013128
77700	0.011287
77900	0.010277
78100	0.013081
78300	0.010020
78500	0.009558
78700	0.014915
78900	0.009359
79100	0.009653
79300	0.009819
79500	0.010232
79700	0.011592
79900	0.010054
80100	0.010951
80300	0.017628
80500	0.010699
80700	0.011687
80900	0.014863
81100	0.012442
81300	0.010525
81500	0.012274
81700	0.011981
81900	0.010339
82100	0.010670
82300	0.010533
82500	0.010422
82700	0.014268
82900	0.011496
83100	0.011419
83300	0.011576
83500	0.012583
83700	0.013702
83900	0.015388
84100	0.011161
84300	0.011795
84500	0.011081
84700	0.013235
84900	0.013630
85100	0.010988
85300	0.015229
85500	0.012338
85700	0.010690
85900	0.011189
86100	0.011796
86300	0.013739
86500	0.012859
86700	0.019611
86900	0.013430
87100	0.012542
87300	0.013063
87500	0.010178
87700	0.013728
87900	0.011418
88100	0.015008
88300	0.012798
88500	0.012602
88700	0.014607
88900	0.013104
89100	0.014162
89300	0.021884
89500	0.016031
89700	0.011128
89900	0.017435
90100	0.012342
90300	0.013001
90500	0.012763
90700	0.012001
90900	0.011740
91100	0.012823
91300	0.012198
91500	0.010914
91700	0.011012
91900	0.012109
92100	0.021702
92300	0.016608
92500	0.010591
92700	0.015106
92900	0.018287
93100	0.013612
93300	0.013168
93500	0.015641
93700	0.011134
93900	0.012516
94100	0.012009
94300	0.015483
94500	0.015763
94700	0.013477
94900	0.013628
95100	0.010835
95300	0.011153
95500	0.010964
95700	0.011495
95900	0.011862
96100	0.011983
96300	0.011938
96500	0.011639
96700	0.017654
96900	0.013560
97100	0.011569
97300	0.011393
97500	0.011712
97700	0.013217
97900	0.012193
98100	0.016813
98300	0.012814
98500	0.020158
98700	0.011444
98900	0.023645
99100	0.020760
99300	0.012728
99500	0.012006
99700	0.013401
99900	0.012612
