100	72.742203
300	218.196749
500	363.651294
700	509.105840
900	654.560385
1100	800.014931
1300	945.469476
1500	1090.924022
1700	1236.378567
1900	1381.833113
2100	1527.287658
2300	1672.742203
2500	1818.196749
2700	1963.651294
2900	2109.105840
3100	2254.560385
3300	2400.014931
3500	2545.469476
3700	2690.924022
3900	2836.378567
4100	2981.833113
4300	3127.287658
4500	3272.742203
4700	3418.196749
4900	3563.651294
5100	3709.105840
5300	3854.560385
5500	4000.014931
5700	4145.469476
5900	4290.924022
6100	4436.378567
6300	4581.833113
6500	4727.287658
6700	4872.742203
6900	5018.196749
7100	5163.651294
7300	5309.105840
7500	5454.560385
7700	5600.014931
7900	5745.469476
8100	5890.924022
8300	6036.378567
8500	6181.833113
8700	6327.287658
8900	6472.742203
9100	6618.196749
9300	6763.651294
9500	6909.105840
9700	7054.560385
9900	7200.014931
10100	7345.469476
10300	7490.924022
10500	7636.378567
10700	7781.833113
10900	7927.287658
11100	8072.742203
11300	8218.196749
11500	8363.651294
11700	8509.105840
11900	8654.560385
12100	8800.014931
12300	8945.469476
12500	9090.924022
12700	9236.378567
12900	9381.833113
13100	9527.287658
13300	9672.742203
13500	9818.196749
13700	9963.651294
13900	10109.105840
14100	10254.560385
14300	10400.014931
14500	10545.469476
14700	10690.924022
14900	10836.378567
15100	10981.833113
15300	11127.287658
15500	11272.742203
15700	11418.196749
15900	11563.651294
16100	11709.105840
16300	11854.560385
16500	12000.014931
16700	12145.469476
16900	12290.924022
17100	12436.378567
17300	12581.833113
17500	12727.287658
17700	12872.742203
17900	13018.196749
18100	13163.651294
18300	13309.105840
18500	13454.560385
18700	13600.014931
18900	13745.469476
19100	13890.924022
19300	14036.378567
19500	14181.833113
19700	14327.287658
19900	14472.742203
20100	14618.196749
20300	14763.651294
20500	14909.105840
20700	15054.560385
20900	15200.014931
21100	15345.469476
21300	15490.924022
21500	15636.378567
21700	15781.833113
21900	15927.287658
22100	16072.742203
22300	16218.196749
22500	16363.651294
22700	16509.105840
22900	16654.560385
23100	16800.014931
23300	16945.469476
23500	17090.924022
23700	17236.378567
23900	17381.833113
24100	17527.287658
24300	17672.742203
24500	17818.196749
24700	17963.651294
24900	18109.105840
25100	18254.560385
25300	18400.014931
25500	18545.469476
25700	18690.924022
25900	18836.378567
26100	18981.833113
26300	19127.287658
26500	19272.742203
26700	19418.196749
26900	19563.651294
27100	19709.105840
27300	19854.560385
27500	20000.014931
27700	20145.469476
27900	20290.924022
28100	20436.378567
28300	20581.833113
28500	20727.287658
28700	20872.742203
28900	21018.196749
29100	21163.651294
29300	21309.105840
29500	21454.560385
29700	21600.014931
29900	21745.469476
30100	21890.924022
30300	22036.378567
30500	22181.833113
30700	22327.287658
30900	22472.742203
31100	22618.196749
31300	22763.651294
31500	22909.105840
31700	23054.560385
31900	23200.014931
32100	23345.469476
32300	23490.924022
32500	23636.378567
32700	23781.833113
32900	23927.287658
33100	24072.742203
33300	24218.196749
33500	24363.651294
33700	24509.105840
33900	24654.560385
34100	24800.014931
34300	24945.469476
34500	25090.924022
34700	25236.378567
34900	25381.833113
35100	25527.287658
35300	25672.742203
35500	25818.196749
35700	25963.651294
35900	26109.105840
36100	26254.560385
36300	26400.014931
36500	26545.469476
36700	26690.924022
36900	26836.378567
37100	26981.833113
37300	27127.287658
37500	27272.742203
37700	27418.196749
37900	27563.651294
38100	27709.105840
38300	27854.560385
38500	28000.014931
38700	28145.469476
38900	28290.924022
39100	28436.378567
39300	28581.833113
39500	28727.287658
39700	28872.742203
39900	29018.196749
40100	29163.651294
40300	29309.105840
40500	29454.560385
40700	29600.014931
40900	29745.469476
41100	29890.924022
41300	30036.378567
41500	30181.833113
41700	30327.287658
41900	30472.742203
42100	30618.196749
42300	30763.651294
42500	30909.105840
42700	31054.560385
42900	31200.014931
43100	31345.469476
43300	31490.924022
43500	31636.378567
43700	31781.833113
43900	31927.287658
44100	32072.742203
44300	32218.196749
44500	32363.651294
44700	32509.105840
44900	32654.560385
45100	32800.014931
45300	32945.469476
45500	33090.924022
45700	33236.378567
45900	33381.833113
46100	33527.287658
46300	33672.742203
46500	33818.196749
46700	33963.651294
46900	34109.105840
47100	34254.560385
47300	34400.014931
47500	34545.469476
47700	34690.924022
47900	34836.378567
48100	34981.833113
48300	35127.287658
48500	35272.742203
48700	35418.196749
48900	35563.651294
49100	35709.105840
49300	35854.560385
49500	36000.014931
49700	36145.469476
49900	36290.924022
50100	36436.378567
50300	36581.833113
50500	36727.287658
50700	36872.742203
50900	37018.196749
51100	37163.651294
51300	37309.105840
51500	37454.560385
51700	37600.014931
51900	37745.469476
52100	37890.924022
52300	38036.378567
52500	38181.833113
52700	38327.287658
52900	38472.742203
53100	38618.196749
53300	38763.651294
53500	38909.105840
53700	39054.560385
53900	39200.014931
54100	39345.469476
54300	39490.924022
54500	39636.378567
54700	39781.833113
54900	39927.287658
55100	40072.742203
55300	40218.196749
55500	40363.651294
55700	40509.105840
55900	40654.560385
56100	40800.014931
56300	40945.469476
56500	41090.924022
56700	41236.378567
56900	41381.833113
57100	41527.287658
57300	41672.742203
57500	41818.196749
57700	41963.651294
57900	42109.105840
58100	42254.560385
58300	42400.014931
58500	42545.469476
58700	42690.924022
58900	42836.378567
59100	42981.833113
59300	43127.287658
59500	43272.742203
59700	43418.196749
59900	43563.651294
60100	43709.105840
60300	43854.560385
60500	44000.014931
60700	44145.469476
60900	44290.924022
61100	44436.378567
61300	44581.833113
61500	44727.287658
61700	44872.742203
61900	45018.196749
62100	45163.651294
62300	45309.105840
62500	45454.560385
62700	45600.014931
62900	45745.469476
63100	45890.924022
63300	46036.378567
63500	46181.833113
63700	46327.287658
63900	46472.742203
64100	46618.196749
64300	46763.651294
64500	46909.105840
64700	47054.560385
64900	47200.014931
65100	47345.469476
65300	47490.924022
65500	47636.378567
65700	47781.833113
65900	47927.287658
66100	48072.742203
66300	48218.196749
66500	48363.651294
66700	48509.105840
66900	48654.560385
67100	48800.014931
67300	48945.469476
67500	49090.924022
67700	49236.378567
67900	49381.833113
68100	49527.287658
68300	49672.742203
68500	49818.196749
68700	49963.651294
68900	50109.105840
69100	50254.560385
69300	50400.014931
69500	50545.469476
69700	50690.924022
69900	50836.378567
70100	50981.833113
70300	51127.287658
70500	51272.742203
70700	51418.196749
70900	51563.651294
71100	51709.105840
71300	51854.560385
71500	52000.014931
71700	52145.469476
71900	52290.924022
72100	52436.378567
72300	52581.833113
72500	52727.287658
72700	52872.742203
72900	53018.196749
73100	53163.651294
73300	53309.105840
73500	53454.560385
73700	53600.014931
73900	53745.469476
74100	53890.924022
74300	54036.378567
74500	54181.833113
74700	54327.287658
74900	54472.742203
75100	54618.196749
75300	54763.651294
75500	54909.105840
75700	55054.560385
75900	55200.014931
76100	55345.469476
76300	55490.924022
76500	55636.378567
76700	55781.833113
76900	55927.287658
77100	56072.742203
77300	56218.196749
77500	56363.651294
77700	56509.105840
77900	56654.560385
78100	56800.014931
78300	56945.469476
78500	57090.924022
78700	57236.378567
78900	57381.833113
79100	57527.287658
79300	57672.742203
79500	57818.196749
79700	57963.651294
79900	58109.105840
80100	58254.560385
80300	58400.014931
80500	58545.469476
80700	58690.924022
80900	58836.378567
81100	58981.833113
81300	59127.287658
81500	59272.742203
81700	59418.196749
81900	59563.651294
82100	59709.105840
82300	59854.560385
82500	60000.014931
82700	60145.469476
82900	60290.924022
83100	60436.378567
83300	60581.833113
83500	60727.287658
83700	60872.742203
83900	61018.196749
84100	61163.651294
84300	61309.105840
84500	61454.560385
84700	61600.014931
84900	61745.469476
85100	61890.924022
85300	62036.378567
85500	62181.833113
85700	62327.287658
85900	62472.742203
86100	62618.196749
86300	62763.651294
86500	62909.105840
86700	63054.560385
86900	63200.014931
87100	63345.469476
87300	63490.924022
87500	63636.378567
87700	63781.833113
87900	63927.287658
88100	64072.742203
88300	64218.196749
88500	64363.651294
88700	64509.105840
88900	64654.560385
89100	64800.014931
89300	64945.469476
89500	65090.924022
89700	65236.378567
89900	65381.833113
90100	65527.287658
90300	65672.742203
90500	65818.196749
90700	65963.651294
90900	66109.105840
91100	66254.560385
91300	66400.014931
91500	66545.469476
91700	66690.924022
91900	66836.378567
92100	66981.833113
92300	67127.287658
92500	67272.742203
92700	67418.196749
92900	67563.651294
93100	67709.105840
93300	67854.560385
93500	68000.014931
93700	68145.469476
93900	68290.924022
94100	68436.378567
94300	68581.833113
94500	68727.287658
94700	68872.742203
94900	69018.196749
95100	69163.651294
95300	69309.105840
95500	69454.560385
95700	69600.014931
95900	69745.469476
96100	69890.924022
96300	70036.378567
96500	70181.833113
96700	70327.287658
96900	70472.742203
97100	70618.196749
97300	70763.651294
97500	70909.105840
97700	71054.560385
97900	71200.014931
98100	71345.469476
98300	71490.924022
98500	71636.378567
98700	71781.833113
98900	71927.287658
99100	72072.742203
99300	72218.196749
99500	72363.651294
99700	72509.105840
99900	72654.560385
