100	72.727273
300	218.181818
500	363.636364
700	506.909091
900	653.818182
1100	793.454545
1300	939.636364
1500	1079.272727
1700	1224.727273
1900	1370.909091
2100	1514.181818
2300	1654.545455
2500	1785.454545
2700	1936.727273
2900	2078.545455
3100	2226.909091
3300	2366.545455
3500	2512.727273
3700	2640.727273
3900	2776.727273
4100	2928.000000
4300	3054.545455
4500	3213.090909
4700	3329.454545
4900	3482.181818
5100	3624.000000
5300	3745.454545
5500	3899.636364
5700	4042.909091
5900	4170.909091
6100	4313.454545
6300	4449.454545
6500	4582.545455
6700	4692.363636
6900	4832.727273
7100	4975.272727
7300	5124.363636
7500	5258.181818
7700	5373.090909
7900	5541.818182
8100	5663.272727
8300	5813.090909
8500	5917.818182
8700	6078.545455
8900	6201.454545
9100	6302.545455
9300	6480.000000
9500	6586.909091
9700	6725.818182
9900	6849.454545
10100	7001.454545
10300	7097.454545
10500	7248.000000
10700	7388.363636
10900	7531.636364
11100	7613.818182
11300	7771.636364
11500	7888.000000
11700	8002.909091
11900	8153.454545
12100	8276.363636
12300	8420.363636
12500	8559.272727
12700	8643.636364
12900	8768.000000
13100	8945.454545
13300	9069.818182
13500	9181.818182
13700	9314.181818
13900	9440.727273
14100	9563.636364
14300	9648.000000
14500	9792.000000
14700	9945.454545
14900	10066.909091
15100	10184.727273
15300	10327.272727
15500	10447.272727
15700	10569.454545
15900	10698.909091
16100	10819.636364
16300	10907.636364
16500	11071.272727
16700	11125.818182
16900	11311.272727
17100	11402.909091
17300	11547.636364
17500	11632.000000
17700	11786.181818
17900	11915.636364
18100	12028.363636
18300	12109.818182
18500	12255.272727
18700	12432.000000
18900	12563.636364
19100	12572.363636
19300	12752.727273
19500	12893.090909
19700	13018.181818
19900	13143.272727
20100	13288.000000
20300	13361.454545
20500	13498.181818
20700	13603.636364
20900	13710.545455
21100	13895.272727
21300	13914.909091
21500	14145.454545
21700	14211.636364
21900	14281.454545
22100	14410.909091
22300	14548.363636
22500	14718.545455
22700	14760.000000
22900	14910.545455
23100	15029.090909
23300	15184.000000
23500	15160.000000
23700	15343.272727
23900	15443.636364
24100	15597.818182
24300	15717.090909
24500	15786.181818
24700	15923.636364
24900	16021.090909
25100	16155.636364
25300	16304.727273
25500	16351.272727
25700	16506.181818
25900	16583.272727
26100	16747.636364
26300	16773.090909
26500	16948.363636
26700	17033.454545
26900	17114.181818
27100	17275.636364
27300	17371.636364
27500	17496.000000
27700	17581.090909
27900	17709.090909
28100	17837.090909
28300	17921.454545
28500	18030.545455
28700	18127.272727
28900	18205.818182
29100	18357.090909
29300	18562.181818
29500	18586.181818
29700	18693.818182
29900	18818.181818
30100	18925.090909
30300	19069.090909
30500	19093.090909
30700	19295.272727
30900	19336.000000
31100	19515.636364
31300	19566.545455
31500	19621.090909
31700	19795.636364
31900	19828.363636
32100	20013.818182
32300	20120.000000
32500	20232.000000
32700	20327.272727
32900	20360.727273
33100	20493.818182
33300	20605.818182
33500	20726.545455
33700	20817.454545
33900	20865.454545
34100	20991.272727
34300	21115.636364
34500	21285.818182
34700	21285.818182
34900	21472.727273
35100	21532.363636
35300	21613.818182
35500	21652.363636
35700	21799.272727
35900	21922.909091
36100	22037.090909
36300	22135.272727
36500	22209.454545
36700	22386.909091
36900	22496.000000
37100	22509.818182
37300	22690.181818
37500	22831.272727
37700	22818.181818
37900	22904.727273
38100	22921.454545
38300	23131.636364
38500	23242.181818
38700	23360.000000
38900	23404.363636
39100	23501.090909
39300	23690.909091
39500	23744.000000
39700	23765.818182
39900	23901.090909
40100	24030.545455
40300	24186.181818
40500	24256.000000
40700	24212.363636
40900	24443.636364
41100	24506.909091
41300	24635.636364
41500	24753.454545
41700	24901.090909
41900	24882.909091
42100	24978.181818
42300	25136.000000
42500	25194.181818
42700	25237.818182
42900	25370.181818
43100	25402.909091
43300	25507.636364
43500	25634.909091
43700	25735.272727
43900	25869.090909
44100	25899.636364
44300	26031.272727
44500	26117.090909
44700	26129.454545
44900	26213.090909
45100	26367.272727
45300	26396.363636
45500	26570.909091
45700	26765.818182
45900	26725.818182
46100	26893.818182
46300	26973.818182
46500	27024.727273
46700	27170.909091
46900	27241.454545
47100	27286.545455
47300	27392.727273
47500	27528.727273
47700	27683.636364
47900	27711.272727
48100	27746.909091
48300	27904.000000
48500	27922.181818
48700	28037.818182
48900	28066.909091
49100	28202.181818
49300	28327.272727
49500	28411.636364
49700	28491.636364
49900	28612.363636
50100	28621.818182
50300	28746.181818
50500	28791.272727
50700	28806.545455
50900	29041.454545
51100	29066.909091
51300	29173.818182
51500	29248.727273
51700	29458.909091
51900	29421.818182
52100	29474.909091
52300	29646.545455
52500	29749.818182
52700	29829.818182
52900	29810.909091
53100	29968.727273
53300	30071.272727
53500	30160.000000
53700	30269.090909
53900	30226.181818
54100	30424.000000
54300	30391.272727
54500	30520.727273
54700	30610.181818
54900	30680.727273
55100	30832.000000
55300	30968.000000
55500	31018.909091
55700	31138.181818
55900	31127.272727
56100	31237.818182
56300	31269.090909
56500	31331.636364
56700	31515.636364
56900	31562.909091
57100	31706.181818
57300	31816.000000
57500	31771.636364
57700	31912.727273
57900	31895.272727
58100	32034.181818
58300	32119.272727
58500	32181.090909
58700	32336.727273
58900	32375.272727
59100	32474.909091
59300	32532.363636
59500	32594.909091
59700	32718.545455
59900	32790.545455
60100	32908.363636
60300	32811.636364
60500	33013.090909
60700	33071.272727
60900	33262.545455
61100	33245.818182
61300	33309.818182
61500	33410.181818
61700	33498.181818
61900	33544.727273
62100	33685.818182
62300	33724.363636
62500	33732.363636
62700	33872.727273
62900	33950.545455
63100	33976.727273
63300	34098.181818
63500	34214.545455
63700	34189.090909
63900	34428.363636
64100	34475.636364
64300	34461.090909
64500	34540.363636
64700	34635.636364
64900	34737.454545
65100	34853.818182
65300	34804.363636
65500	34986.909091
65700	35013.090909
65900	35048.727273
66100	35120.000000
66300	35340.363636
66500	35245.090909
66700	35481.454545
66900	35384.727273
67100	35538.909091
67300	35674.181818
67500	35691.636364
67700	35733.818182
67900	35909.818182
68100	35799.272727
68300	36100.363636
68500	36031.272727
68700	36110.545455
68900	36181.090909
69100	36304.727273
69300	36333.090909
69500	36388.363636
69700	36487.272727
69900	36610.181818
70100	36681.454545
70300	36661.818182
70500	36755.636364
70700	36866.909091
70900	36890.909091
71100	37091.636364
71300	37001.454545
71500	37122.909091
71700	37339.636364
71900	37313.454545
72100	37389.090909
72300	37411.636364
72500	37466.181818
72700	37624.000000
72900	37517.090909
73100	37685.818182
73300	37795.636364
73500	37822.545455
73700	37880.000000
73900	37900.363636
74100	38170.181818
74300	38027.636364
74500	38187.636364
74700	38176.000000
74900	38271.272727
75100	38347.636364
75300	38430.545455
75500	38590.545455
75700	38599.272727
75900	38707.636364
76100	38729.454545
76300	38914.909091
76500	38904.000000
76700	39000.727273
76900	39080.000000
77100	39036.363636
77300	39111.272727
77500	39264.727273
77700	39257.454545
77900	39181.818182
78100	39413.090909
78300	39424.000000
78500	39470.545455
78700	39749.818182
78900	39743.272727
79100	39776.727273
79300	39981.090909
79500	39797.090909
79700	39904.000000
79900	40053.818182
80100	40058.181818
80300	40082.909091
80500	40103.272727
80700	40349.818182
80900	40378.181818
81100	40403.636364
81300	40453.818182
81500	40672.000000
81700	40610.909091
81900	40632.000000
82100	40784.727273
82300	40748.363636
82500	40846.545455
82700	40893.090909
82900	41027.636364
83100	40979.636364
83300	41030.545455
83500	41100.363636
83700	41153.454545
83900	41399.272727
84100	41354.909091
84300	41365.818182
84500	41432.727273
84700	41568.727273
84900	41623.272727
85100	41701.090909
85300	41748.363636
85500	41945.454545
85700	41932.363636
85900	41947.636364
86100	42002.181818
86300	41988.363636
86500	42128.000000
86700	42126.545455
86900	42263.272727
87100	42301.090909
87300	42253.818182
87500	42504.727273
87700	42469.818182
87900	42605.818182
88100	42624.000000
88300	42630.545455
88500	42599.272727
88700	42749.818182
88900	42997.818182
89100	42891.636364
89300	42966.545455
89500	42864.727273
89700	42983.272727
89900	43194.909091
90100	43216.727273
90300	43146.181818
90500	43294.545455
90700	43376.000000
90900	43451.636364
91100	43492.363636
91300	43478.545455
91500	43699.636364
91700	43736.727273
91900	43843.636364
92100	43750.545455
92300	43730.909091
92500	43841.454545
92700	44005.818182
92900	44042.909091
93100	44032.727273
93300	44042.181818
93500	44192.000000
93700	44183.272727
93900	44342.545455
94100	44314.181818
94300	44376.727273
94500	44482.909091
94700	44485.818182
94900	44538.181818
95100	44590.545455
95300	44672.727273
95500	44791.272727
95700	44808.727273
95900	44952.727273
96100	44881.454545
96300	44901.090909
96500	45065.454545
96700	45170.181818
96900	44986.909091
97100	45208.000000
97300	45125.818182
97500	45409.454545
97700	45349.818182
97900	45501.090909
98100	45523.636364
98300	45528.727273
98500	45626.181818
98700	45676.363636
98900	45653.818182
99100	45664.727273
99300	45640.727273
99500	45786.181818
99700	45834.181818
99900	45985.454545
